[[ 1.98e+02  7.72e+02  1.00e+00  0.00e+00  0.00e+00  0.00e+00  0.00e+00 0.00e+00  0.00e+00  0.00e+00  0.00e+00  0.00e+00]
 [ 0.00e+00  0.00e+00  0.00e+00  1.98e+02  7.72e+02  1.00e+00  0.00e+00 0.00e+00  0.00e+00  0.00e+00  0.00e+00  0.00e+00]
 [ 0.00e+00  0.00e+00  0.00e+00  0.00e+00  0.00e+00  0.00e+00  1.98e+02 7.72e+02  1.00e+00  0.00e+00  0.00e+00  0.00e+00]
 [ 1.98e+02  7.72e+02  1.00e+00  0.00e+00  0.00e+00  0.00e+00  0.00e+00 0.00e+00  0.00e+00 -1.28e+03  0.00e+00  0.00e+00]
 [ 0.00e+00  0.00e+00  0.00e+00  1.98e+02  7.72e+02  1.00e+00  0.00e+00 0.00e+00  0.00e+00 -9.60e+02  0.00e+00  0.00e+00]
 [ 0.00e+00  0.00e+00  0.00e+00  0.00e+00  0.00e+00  0.00e+00  1.98e+02 7.72e+02  1.00e+00 -1.00e+00  0.00e+00  0.00e+00]
 [ 1.98e+02  7.72e+02  1.00e+00  0.00e+00  0.00e+00  0.00e+00  0.00e+00 0.00e+00  0.00e+00  0.00e+00 -1.28e+03  0.00e+00]
 [ 0.00e+00  0.00e+00  0.00e+00  1.98e+02  7.72e+02  1.00e+00  0.00e+00 0.00e+00  0.00e+00  0.00e+00  0.00e+00  0.00e+00]
 [ 0.00e+00  0.00e+00  0.00e+00  0.00e+00  0.00e+00  0.00e+00  1.98e+02 7.72e+02  1.00e+00  0.00e+00 -1.00e+00  0.00e+00]
 [ 1.98e+02  7.72e+02  1.00e+00  0.00e+00  0.00e+00  0.00e+00  0.00e+00 0.00e+00  0.00e+00  0.00e+00  0.00e+00  0.00e+00]
 [ 0.00e+00  0.00e+00  0.00e+00  1.98e+02  7.72e+02  1.00e+00  0.00e+00 0.00e+00  0.00e+00  0.00e+00  0.00e+00  0.00e+00]
 [ 0.00e+00  0.00e+00  0.00e+00  0.00e+00  0.00e+00  0.00e+00  1.98e+02 7.72e+02  1.00e+00  0.00e+00  0.00e+00 -1.00e+00]]